timeInSeconds,numberOfActiveIngestionThreads,numberOfRowsIngested,recordsIngestedPerSec,avgRecordsIngestedPerSec,MBIngested,MBIngestedPerSec,avgMBIngestedPerSec,numberOfRowsConsumed,numberOfActiveQueryThreads,recordsConsumedPerSec,avgRecordsConsumedPerSec,MBConsumed,MBConsumedPerSec,avgMBConsumedPerSec,queryAndConsumptionTimeInMs,avgQueryAndConsumptionTimeInMs
1,2,53000.0,49804.6875,49804.6875,13.686798095703125,12.863420881330967,12.863420881330967,849.0,2,0.0,0.0,0.21382904052734375,0.0,0.0,0.0,0.0
2,2,144000.0,49804.6875,49804.6875,37.17970657348633,12.863420881330967,12.863420881330967,1823.0,2,6.066671558280205E-7,900.1751313485115,0.4590024948120117,1.5278393760773632E-10,0.22670141243475334,1.648350319270428E9,1.1108949416342413
3,2,264000.0,107214.42885771544,78140.4549950544,68.17477989196777,27.68528485345936,20.17905898429048,3086.0,2,1262.0,1069.0943043884222,0.7769756317138672,0.3176889419555664,0.2691792506797641,0.7923930269413629,0.9353711790393013
4,2,377000.0,116000.0,90668.43150231635,97.37599277496338,29.951934814453125,23.412968921472032,4344.0,2,1276.0,1134.9458943348186,1.0937986373901367,0.3213825225830078,0.285793913920771,0.7836990595611285,0.8810992708917554
5,2,498000.0,115000.0,96718.0507210343,128.64430904388428,29.72140121459961,24.98145034691399,5593.0,2,1258.0,1164.654756156446,1.4081497192382812,0.3166027069091797,0.2932320580512415,0.794912559618442,0.8586235489220564
6,2,616000.0,119000.0,101154.91835921943,159.1251392364502,30.750479698181152,26.130201711164723,6761.0,2,1132.0,1158.3041618047453,1.7022676467895508,0.2850484848022461,0.291640542444669,0.8833922261484098,0.8633310946944258
7,2,740000.0,119000.0,104118.23314513451,191.12651252746582,30.739691734313965,26.895643428725208,8035.0,2,1278.0,1177.7922500814066,2.0230226516723633,0.32181358337402344,0.29655311830421877,0.7824726134585289,0.8490461708598286
8,2,855000.0,124000.0,106949.58701224723,220.84790706634521,32.00616455078125,27.623430543800122,9203.0,2,1192.0,1179.7815737888545,2.3171634674072266,0.3000211715698242,0.2970387040316908,0.8389261744966443,0.8476145264657013
9,2,968000.0,115000.0,107953.12889553727,250.01499843597412,29.707324028015137,27.883202855469907,10492.0,2,1269.0,1190.7393760746745,2.6420021057128906,0.3195619583129883,0.29980500890534567,0.7880220646178093,0.8398143372872615
10,2,1088000.0,114000.0,108623.36510751495,280.9904613494873,29.43170166015625,28.05483872386786,11786.0,2,1281.0,1200.612557427259,2.9674253463745117,0.3224153518676758,0.302278247032925,0.78064012490242,0.8329081632653061
11,2,1215000.0,121000.0,109858.3117142287,313.787748336792,31.234148025512695,28.372071741393786,13082.0,2,1288.0,1209.2289489252614,3.293705940246582,0.3243074417114258,0.30445032302173397,0.7763975155279503,0.8269732550554468
12,2,1332000.0,126000.0,111322.80892759934,344.0356216430664,32.54948806762695,28.75107884774773,14378.0,2,1309.0,1218.1834500089751,3.6200618743896484,0.3295869827270508,0.30670635063843804,0.7639419404125286,0.8208944227510498
13,2,1465000.0,119000.0,111961.40409249709,378.4094657897949,30.760967254638672,28.91826304396225,15692.0,2,1298.0,1224.75704167353,3.9510698318481445,0.32678985595703125,0.30836040312720375,0.7704160246533128,0.8164884674870554
14,2,1593000.0,131000.0,113423.4372600215,411.47032165527344,33.86437511444092,29.298090418442257,16996.0,2,1317.0,1231.7759853903517,4.279262542724609,0.3316202163696289,0.31013028695329,0.7593014426727411,0.8118359278477885
15,2,1720000.0,129000.0,114534.30323776921,444.27881813049316,33.30912113189697,29.5841431009023,18259.0,2,1294.0,1236.1759298543348,4.597085952758789,0.3258218765258789,0.311239860533589,0.7727975270479135,0.8089463448118064
16,2,1843000.0,124000.0,115164.4255092531,476.04969024658203,32.03479194641113,29.747280422531166,19520.0,2,1253.0,1237.2870162462027,4.914629936218262,0.3153829574584961,0.3115134767616241,0.7980845969672785,0.8082199092607419
17,2,1972000.0,127000.0,115903.1331918612,509.373722076416,32.7977991104126,29.937676046540744,20782.0,2,1255.0,1238.384338991451,5.232816696166992,0.31603431701660156,0.3117935436836274,0.796812749003984,0.8075037518759379
18,2,2103000.0,128000.0,116613.79391375868,543.2199411392212,33.06797409057617,30.121573240997062,22013.0,2,1220.0,1237.3118655932797,5.542337417602539,0.30711841583251953,0.3115208142558414,0.819672131147541,0.8082036775106082
19,2,2205000.0,128000.0,117245.58872489182,569.5567169189453,33.074195861816406,30.285407589061613,23306.0,2,1288.0,1240.1058317715797,5.867769241333008,0.32425975799560547,0.31222299393502584,0.7763975155279503,0.8063827895812962
20,2,2290000.0,105000.0,116601.82946062455,591.5082559585571,27.112171173095703,30.118588305286725,24595.0,2,1309.0,1243.704942012329,6.192285537719727,0.32971858978271484,0.3131369838967691,0.7639419404125286,0.8040492292182971
21,2,2325000.0,72000.0,114374.18839276796,600.5531053543091,18.592469215393066,29.542915590778,25859.0,2,1256.0,1244.3153609373448,6.510626792907715,0.3160696029663086,0.3132825811100319,0.7961783439490446,0.803654789929378
22,2,2423000.0,47000.0,111169.25126058416,625.8575477600098,12.14443302154541,28.715283463994986,27139.0,2,1281.0,1246.0505155614417,6.832965850830078,0.3225088119506836,0.313718974584663,0.78064012490242,0.8025356817491649
23,2,2474000.0,86000.0,110026.33729906457,639.0247621536255,22.204858779907227,28.41965070202569,28412.0,2,1262.0,1246.7708427422997,7.153569221496582,0.317840576171875,0.3139051186361133,0.7923930269413629,0.8020720133304354
24,2,2526000.0,51000.0,107462.42724350622,652.4691562652588,13.167214393615723,27.75713500797609,29712.0,2,1305.0,1249.2870106300234,7.480700492858887,0.32849788665771484,0.3145356936953822,0.7662835249042146,0.8004565736224967
25,2,2606000.0,64000.0,105653.15127799517,673.1277303695679,16.539533615112305,27.290163007607102,30986.0,2,1289.0,1250.9319857509734,7.801405906677246,0.32456016540527344,0.31495092324181134,0.7757951900698216,0.7994039735099338
26,2,2669000.0,68000.0,104148.34945248182,689.4020090103149,17.563434600830078,26.901435951145707,32273.0,2,1264.0,1251.4517540370696,8.12549877166748,0.3182973861694336,0.315084025736745,0.7911392405063291,0.7990719552504449
27,2,2728000.0,63000.0,102567.05864268697,704.6403503417969,16.27427864074707,26.493044693348512,33539.0,2,1286.0,1252.7733149720757,8.444205284118652,0.3237648010253906,0.31541608813781014,0.7776049766718507,0.7982290076335878
28,2,2775000.0,65000.0,101176.81888831324,716.7788505554199,16.785799026489258,26.13380978598195,34792.0,2,1215.0,1251.3816225775552,8.759658813476562,0.30582332611083984,0.3150626594285415,0.823045267489712,0.7991167378183424
29,2,2868000.0,53000.0,99457.56905288702,740.7969989776611,13.691008567810059,25.689772914303557,36086.0,2,1310.0,1253.4645725250516,9.085478782653809,0.3298530578613281,0.3155882225879753,0.7633587786259542,0.7977888022678951
30,2,2929000.0,81000.0,98821.5836262146,756.5721635818481,20.918182373046875,25.525360036443427,37401.0,2,1308.0,1255.335941253174,9.416552543640137,0.32938289642333984,0.3160615831615586,0.764525993883792,0.7965995134352022
31,2,3016000.0,69000.0,97828.25927653055,779.0363540649414,17.83962917327881,25.269356743419493,38680.0,2,1298.0,1256.7513768164024,9.738553047180176,0.32674312591552734,0.3164159572161658,0.7704160246533128,0.7957023309838706
32,2,3119000.0,91000.0,97608.149055509,805.6472911834717,23.507807731628418,25.212572879974484,39939.0,2,1272.0,1257.241024982339,10.055582046508789,0.3202180862426758,0.31653804728830337,0.7861635220125787,0.795392434807039
33,2,3211000.0,100000.0,97682.84304540629,829.411958694458,25.831503868103027,25.231901185143695,41223.0,2,1262.0,1257.3890859311803,10.378743171691895,0.3177967071533203,0.31657720663946437,0.7923930269413629,0.795298775207225
34,2,3314000.0,92000.0,97510.75040881836,856.0300598144531,23.76132869720459,25.18736807122149,42505.0,2,1291.0,1258.4032345664111,10.701513290405273,0.3249979019165039,0.3168312859128045,0.774593338497289,0.7946578429962116
35,2,3422000.0,102000.0,97642.7017812004,883.938642501831,26.366076469421387,25.22201354762499,43751.0,2,1285.0,1259.182238884658,11.015252113342285,0.32347679138183594,0.31702592903473736,0.7782101167315175,0.7941662208369193
36,2,3521000.0,111000.0,98024.09913768488,909.5040407180786,28.670724868774414,25.320486259667405,44997.0,2,1235.0,1258.4941096124294,11.328957557678223,0.3109092712402344,0.3168518735514267,0.8097165991902834,0.7946004612671279
37,2,3625000.0,99000.0,98051.1909388707,936.3637180328369,25.571118354797363,25.32744401035115,46259.0,2,1246.0,1258.1484145869072,11.646739959716797,0.3137798309326172,0.316766874309027,0.8025682182985554,0.7948187895847995
38,2,3718000.0,103000.0,98184.86305440009,960.373815536499,26.608366012573242,25.362042951581287,47417.0,2,1186.0,1256.2059124441332,11.9382963180542,0.29864978790283203,0.31627909534165327,0.8431703204047217,0.7960478374555274
39,2,3821000.0,93000.0,98048.4982378623,986.969090461731,24.000561714172363,25.326235228752164,48710.0,2,1244.0,1255.885900057679,12.263819694519043,0.3131113052368164,0.3161960427983982,0.8038585209003215,0.7962506784685399
40,2,3923000.0,102000.0,98149.76167290247,1013.3172903060913,26.338833808898926,25.35218465677089,49988.0,2,1306.0,1257.1662153185835,12.585541725158691,0.32886600494384766,0.31651973505084946,0.7656967840735069,0.7954397658917249
41,2,4025000.0,103000.0,98270.95097696267,1039.689435005188,26.610556602478027,25.383626662310522,51213.0,2,1232.0,1256.539285536346,12.893959999084473,0.31018829345703125,0.31636200893870214,0.8116883116883117,0.7958366375892149
42,2,4130000.0,102000.0,98361.85461459705,1066.8340854644775,26.37126064300537,25.407702377309665,52500.0,2,1260.0,1256.6234018764278,13.218003273010254,0.3171424865722656,0.31638097927639997,0.7936507936507936,0.7957833655705996
43,2,4232000.0,103000.0,98472.22883251631,1093.1826858520508,26.623305320739746,25.436630151890363,53772.0,2,1291.0,1257.439134355275,13.538293838500977,0.3251628875732422,0.31658936777948105,0.774593338497289,0.7952671208318394
44,2,4329000.0,103000.0,98577.47199107434,1118.2441759109497,26.60975456237793,25.463898163849073,55042.0,2,1242.0,1257.0812665152287,13.857987403869629,0.31264400482177734,0.31649791715230324,0.8051529790660226,0.7954935187063227
45,2,4411000.0,98000.0,98564.35418654309,1139.4285669326782,25.32303810119629,25.460698398671372,56281.0,2,1287.0,1257.759050337547,14.169930458068848,0.323944091796875,0.31666660399577595,0.777000777000777,0.795064841498559
46,2,4498000.0,84000.0,98240.86002398828,1161.8975811004639,21.692234992980957,25.37699568875865,57570.0,2,1257.0,1257.7422356120685,14.494476318359375,0.3165616989135742,0.3166642801048938,0.7955449482895783,0.7950754707011642
47,2,4607000.0,85000.0,97953.15283994611,1190.0652837753296,21.961403846740723,25.302779187041693,58867.0,2,1276.0,1258.1379220666638,14.821000099182129,0.32122230529785156,0.31676306267160004,0.7836990595611285,0.794825418152378
48,2,4716000.0,111000.0,98230.6154565948,1218.2252779006958,28.682589530944824,25.374656400769375,60109.0,2,1260.0,1258.1774214076618,15.13382339477539,0.3171653747558594,0.3167715967194609,0.7936507936507936,0.7948004653280056
49,2,4810000.0,102000.0,98309.10832535088,1242.5272150039673,26.350626945495605,25.394979805557313,61408.0,2,1283.0,1258.6930331103817,15.460795402526855,0.32306385040283203,0.3169022986779041,0.779423226812159,0.7944748828305499
50,2,4913000.0,101000.0,98363.99983680797,1269.1513557434082,26.111393928527832,25.409593940496123,62663.0,2,1266.0,1258.8417239835578,15.776707649230957,0.31881141662597656,0.31694114768584175,0.7898894154818326,0.7943810416734021
51,2,5014000.0,98000.0,98356.72304186158,1295.2649784088135,25.33026885986328,25.408008136637164,63947.0,2,1295.0,1259.5628415300546,16.100028038024902,0.3259429931640625,0.3171206747385764,0.7722007722007722,0.7939262472885033
52,2,5117000.0,104000.0,98467.32781937203,1321.8795309066772,26.896920204162598,25.437189902689564,65232.0,2,1280.0,1259.9624574713541,16.42351245880127,0.3223304748535156,0.317222544045896,0.78125,0.7936744417027484
53,2,5217000.0,103000.0,98554.45772942217,1347.7213010787964,26.610729217529297,25.45974842244735,66506.0,2,1286.0,1260.4618158106707,16.744315147399902,0.3237333297729492,0.3173474104823015,0.7776049766718507,0.793360010955069
54,2,5323000.0,100000.0,98581.72079514165,1375.0935564041138,25.837462425231934,25.46687214472838,67791.0,2,1271.0,1260.660118173949,17.067852020263672,0.3200540542602539,0.31739834277273,0.7867820613690008,0.7932352150938891
55,2,5427000.0,105000.0,98700.52941394247,1401.9653434753418,27.116814613342285,25.49741419183167,69044.0,2,1278.0,1260.9803849137452,17.383234977722168,0.32172203063964844,0.31747820106882024,0.7824726134585289,0.7930337473634872
56,2,5527000.0,103000.0,98778.67035004181,1427.8032207489014,26.608789443969727,25.51761293510051,70302.0,2,1235.0,1260.5092307134307,17.699997901916504,0.3109283447265625,0.3173594194442463,0.8097165991902834,0.7933301681844994
57,2,5593000.0,92000.0,98657.67020099246,1444.8468894958496,23.77312183380127,25.486473541624743,71571.0,2,1285.0,1260.9454597271204,18.019472122192383,0.3235321044921875,0.31746936716694835,0.7782101167315175,0.7930557125098882
58,2,5677000.0,66000.0,98084.94966854899,1466.5758609771729,17.043668746948242,25.33841130608975,72788.0,2,1205.0,1259.9663994959924,18.325926780700684,0.30341148376464844,0.3172233505171584,0.8298755186721992,0.7936719585538287
59,2,5758000.0,94000.0,98014.54620661128,1487.492880821228,24.311878204345703,25.320719170318075,74083.0,2,1276.0,1260.242165732173,18.651968955993652,0.3213071823120117,0.31729358944589925,0.7836990595611285,0.7934982872272187
60,2,5859000.0,83000.0,97760.15722950765,1513.5941171646118,21.432717323303223,25.254845397029897,75378.0,2,1294.0,1260.8129586419127,18.97801113128662,0.32567691802978516,0.31743533860189477,0.7727975270479135,0.7931390561508442
61,2,5933000.0,91000.0,97647.52923927893,1532.7118511199951,23.521377563476562,25.225964856002385,76653.0,2,1278.0,1261.09873299857,19.299052238464355,0.3217639923095703,0.3175073124921491,0.7824726134585289,0.7929593249390203
62,2,6000000.0,72000.0,97227.22952377831,1550.0238571166992,18.59898853302002,25.117365067024927,77952.0,2,1305.0,1261.8167544404828,19.626078605651855,0.32857227325439453,0.3176882840135623,0.7662835249042146,0.7925081011017499
63,2,6090000.0,74000.0,96852.72967656638,1573.2964487075806,19.122794151306152,25.020712735340705,79196.0,2,1260.0,1261.7875189083068,19.939302444458008,0.31731510162353516,0.3176822786968678,0.7936507936507936,0.7925264634612932
64,2,6201000.0,93000.0,96791.59658531942,1601.9579973220825,24.047616958618164,25.00527216257687,80460.0,2,1244.0,1261.5058122960945,20.257512092590332,0.3131828308105469,0.3176110195051045,0.8038585209003215,0.7927034423883296
65,2,6274000.0,101000.0,96857.33029271188,1620.8228359222412,26.075735092163086,25.021992398270633,81720.0,2,1282.0,1261.8253250600233,20.574722290039062,0.3227396011352539,0.3176909761891828,0.7800312012480499,0.792502718197094
66,2,6360000.0,82000.0,96628.83331795392,1643.0362186431885,21.19330883026123,24.96310950374248,83006.0,2,1270.0,1261.9508151423047,20.898449897766113,0.3197603225708008,0.31772274288933966,0.7874015748031497,0.7924239106634552
67,2,6437000.0,92000.0,96558.7228499591,1662.9187030792236,23.760912895202637,24.944900473289906,84301.0,2,1281.7182817182818,1262.2499735421738,21.224778175354004,0.3227887453732791,0.3177994111457904,0.7802026500389712,0.7922361029596713
68,2,6541000.0,76000.0,96251.97696278834,1689.7928628921509,19.629533767700195,24.865592683227096,85499.0,2,1233.2332332332332,1261.8182359774808,21.52614688873291,0.31033936921540684,0.31768841382833707,0.8108766233766234,0.7925071705952479
69,2,6597000.0,90000.0,96160.06586104495,1704.264323234558,23.251110076904297,24.841857970835182,86791.0,2,1257.0,1261.7475272225647,21.851408004760742,0.3165569305419922,0.3176718090429427,0.7955449482895783,0.7925515829630836
70,2,6597000.0,56000.0,95578.22143664338,1704.264323234558,14.471460342407227,24.691610258099708,88065.0,2,1315.0,1262.5177171617831,22.17219066619873,0.3310432434082031,0.31786519995389784,0.7604562737642585,0.7920680925160093
71,2,6688000.0,56000.0,95578.22143664338,1727.7793655395508,14.471460342407227,24.691610258099708,89335.0,2,1245.0,1262.2679706880328,22.491936683654785,0.31346893310546875,0.3178025232858754,0.8032128514056225,0.7922248074273194
72,2,6810000.0,51000.0,94322.88586635127,1759.3051271438599,13.178696632385254,24.36740329052024,90618.0,2,1289.0,1262.6437266312446,22.81528663635254,0.32459354400634766,0.3178979805505077,0.7757951900698216,0.7919890456098946
73,2,6927000.0,124000.0,94734.94210102467,1789.5330781936646,32.04493808746338,24.474003146077475,91904.0,2,1276.0,1262.828865293449,23.138733863830566,0.3211698532104492,0.3179433337796938,0.7836990595611285,0.7918729350295819
74,2,6979000.0,115000.0,95012.4619977541,1802.9707736968994,29.705735206604004,24.545649116614115,93176.0,2,1285.0,1263.1319898280058,23.459040641784668,0.3234720230102539,0.3180189222135698,0.7782101167315175,0.7916829025414556
75,2,7052000.0,46000.0,94350.32828078138,1821.8311395645142,11.892553329467773,24.374712154803486,94458.0,2,1270.0,1263.2246230206902,23.78176975250244,0.3198528289794922,0.3180436572728604,0.7874015748031497,0.7916248478506908
76,2,7137000.0,68000.0,93999.09359921089,1843.7895917892456,17.56619644165039,24.28395856634739,95721.0,2,1286.0,1263.5277208485268,24.099703788757324,0.32367706298828125,0.31811862740561464,0.7776049766718507,0.7914349511290866
77,2,7243000.0,94000.0,93999.10552208571,1871.174843788147,24.29030990600586,24.284042112421666,96999.0,2,1262.0,1263.507656746605,24.42144012451172,0.3177452087402344,0.31811372316530867,0.7923930269413629,0.7914475188657673
78,2,7346000.0,106000.0,94154.91677702474,1897.783779144287,27.38213539123535,24.32426559764425,98240.0,2,1238.0,1263.1769982629437,24.73397731781006,0.3118019104003906,0.3180319024610889,0.8077544426494345,0.7916546939780797
79,2,7449000.0,104000.0,94281.10020250698,1924.4132766723633,26.870083808898926,24.35689508947033,99532.0,2,1281.0,1263.4050830539275,25.059224128723145,0.32243824005126953,0.31808829131202926,0.78064012490242,0.791511775132945
80,2,7549000.0,98000.0,94328.16177773278,1950.256365776062,25.32751750946045,24.3691780286517,100830.0,2,1290.0,1263.7411235500747,25.386067390441895,0.3248405456542969,0.3181736095291866,0.7751937984496124,0.7913013048042794
81,2,7627000.0,106000.0,94474.01964459773,1970.385661125183,27.395800590515137,24.407000409520254,102082.0,2,1293.0,1264.1062114746326,25.70124912261963,0.32547569274902344,0.31826472384153015,0.7733952049497294,0.791072768192048
82,2,7729000.0,79000.0,94283.03423761447,1996.742338180542,20.384692192077637,24.357355767109024,103362.0,2,1263.0,1264.0925784427302,26.02348041534424,0.3179588317871094,0.31826095400526266,0.7917656373713381,0.7910812997825897
83,2,7772000.0,90000.0,94230.81612250372,2007.8471851348877,23.260659217834473,24.34398500622445,104639.0,2,1282.0,1264.310584110443,26.34498882293701,0.3228034973144531,0.31831625510955996,0.7800312012480499,0.7909448932625923
84,2,7861000.0,53000.0,93734.1909373419,2030.850359916687,13.688314437866211,24.2156374529451,105946.0,2,1271.0,1264.3910418320465,26.67408847808838,0.3200263977050781,0.3183368240469865,0.7867820613690008,0.7908945626117727
85,2,7910000.0,91000.0,93701.6495679703,2043.5172834396362,23.518059730529785,24.207335130667417,107224.0,2,1311.0,1264.9449739725703,26.995817184448242,0.33000946044921875,0.31847554949209395,0.7627765064836003,0.7905482219194814
86,2,7976000.0,37000.0,93034.74394862505,2060.559094429016,9.568571090698242,24.035158940505234,108486.0,2,1259.0,1264.8751497498297,27.313634872436523,0.3170013427734375,0.3184582348093445,0.7942811755361397,0.7905918621278808
87,2,8055000.0,75000.0,92825.09125572527,2080.9759197235107,19.37109088897705,23.980939461168227,109742.0,2,1255.4890219560878,1264.765973254086,27.62985610961914,0.31609830266225364,0.31843078481849907,0.7965023847376789,0.790660107203172
88,2,8158000.0,74000.0,92608.76559950357,2107.588786125183,19.12052059173584,23.925086701297936,110964.0,2,1219.438877755511,1264.2468614445388,27.93752098083496,0.30711657537487086,0.31830120802401723,0.8200493015612161,0.790984759778159
89,2,8256000.0,111000.0,92817.7046647429,2132.903100967407,28.681074142456055,23.97911850517831,112269.0,2,1291.0,1264.5503846066574,28.266008377075195,0.32492542266845703,0.3183763619193729,0.774593338497289,0.7907949040014355
90,2,8321000.0,87000.0,92752.35335085708,2149.7143898010254,22.4717960357666,23.96218648310049,113574.0,2,1308.0,1265.0378048506877,28.594578742980957,0.32939624786376953,0.318499983623445,0.764525993883792,0.7904902099886493
91,2,8389000.0,69000.0,92488.5028104241,2167.278302192688,17.843719482421875,23.8942201304236,114835.0,2,1288.0,1265.2925384393513,28.912010192871094,0.3242197036743164,0.3185634359547764,0.7763975155279503,0.7903310654415375
92,2,8466000.0,63000.0,92164.5316516886,2187.1603088378906,16.272817611694336,23.810488697157698,116154.0,2,1278.0,1265.43196331,29.244120597839355,0.3217744827270508,0.3185986672068037,0.7824726134585289,0.7902439870289767
93,2,8525000.0,92000.0,92162.74369172589,2202.40735912323,23.756890296936035,23.809906245132947,117433.0,2,1302.0,1265.8288294154675,29.566170692443848,0.32782459259033203,0.31869879446021177,0.7680491551459293,0.789996227579821
94,2,8640000.0,55000.0,91763.23880372384,2232.10772895813,14.211841583251953,23.706725657079787,118719.0,2,1282.0,1266.0024478752873,29.889927864074707,0.3227977752685547,0.3187428023278584,0.7800312012480499,0.7898878881934904
95,2,8715000.0,104000.0,91893.38665418731,2251.481640815735,26.860694885253906,23.74027067024877,119963.0,2,1275.0,1266.0980221367722,30.20319652557373,0.3209362030029297,0.31876610118145265,0.7843137254901961,0.7898282617267792
96,2,8778000.0,75000.0,91715.60270253204,2267.7893781661987,19.37391185760498,23.694319639827985,121269.0,2,1267.0,1266.1075024699924,30.53192710876465,0.31899261474609375,0.3187684819761032,0.7892659826361483,0.7898223476672754
97,2,8816000.0,75000.0,91541.52173460249,2277.6162519454956,19.41574478149414,23.649761362992116,122555.0,2,1307.0,1266.5328368454993,30.855825424194336,0.3290853500366211,0.31887579062435806,0.7651109410864575,0.7895571049627568
98,2,8856000.0,26000.0,90865.98915709839,2287.9489336013794,6.718866348266602,23.475255632181316,123770.0,2,1210.0,1265.9508760371416,31.161601066589355,0.3046274185180664,0.31872911491141936,0.8264462809917356,0.789920066353871
99,2,8906000.0,40000.0,90347.06494460427,2300.866767883301,10.332681655883789,23.34117783356164,125055.0,2,1280.0,1266.0940270220701,31.485127449035645,0.3222513198852539,0.31876500377626654,0.78125,0.7898307540017866
100,2,8987000.0,62000.0,90060.79457090342,2321.798990249634,16.01242160797119,23.26716643987549,126367.0,2,1296.0,1266.3956748905612,31.815546989440918,0.3263082504272461,0.3188410890544633,0.7716049382716049,0.7896426210444991
101,2,9007000.0,69000.0,89850.23294875128,2326.970030784607,17.837635040283203,23.212883068221327,127656.0,2,1309.0,1266.8211140180942,32.13995552062988,0.32956695556640625,0.31894819562824794,0.7639419404125286,0.789377433746906
102,2,9115000.0,34000.0,89297.38076854547,2354.863554954529,8.789653778076172,23.070109916926114,128998.0,2,1302.0,1267.1689308101481,32.477919578552246,0.3278045654296875,0.3190357593485762,0.7680491551459293,0.7891607627726975
103,2,9169000.0,96000.0,89363.07855168493,2368.823513031006,24.792262077331543,23.086990120807684,130285.0,2,1313.0,1267.6176303577374,32.80191898345947,0.3306283950805664,0.31914925463682187,0.7616146230007617,0.7888814229554284
104,2,9202000.0,65000.0,89126.59431965987,2377.3500776290894,16.798124313354492,23.025946209726037,131595.0,2,1307.0,1267.9994570592,33.13168716430664,0.32898712158203125,0.3192446364109314,0.7651109410864575,0.788643870809885
105,2,9249000.0,33033.03303303303,88587.88129320041,2389.499402999878,8.536566007841337,22.886792665521668,132882.0,2,1299.0,1268.2971327610378,33.45576572418213,0.32703685760498047,0.3193194594524906,0.7698229407236336,0.7884587721357026
106,2,9312000.0,33966.03396603397,88067.26209746528,2405.774691581726,8.78355958006837,22.752370008187597,134164.0,2,1299.0,1268.5891461071694,33.778563499450684,0.3270759582519531,0.3193932311022543,0.7698229407236336,0.7882772787932405
107,2,9389000.0,63000.0,87830.82756409046,2425.658513069153,16.275288581848145,22.6912781458728,135455.0,2,1272.0,1268.6212809255526,34.10357189178467,0.32028770446777344,0.319401658241045,0.7861635220125787,0.7882573113312639
108,2,9493000.0,87000.0,87823.06441666199,2452.5207748413086,22.468056678771973,22.689192392783706,136711.0,2,1256.0,1268.5034813611842,34.41975975036621,0.3161611557006836,0.31937141330870883,0.7961783439490446,0.788330512839379
109,2,9596000.0,105000.0,87982.07772490788,2479.1240224838257,27.11694622039795,22.730181763723092,137994.0,2,1289.0,1268.6930147398791,34.74287700653076,0.3246011734008789,0.3194197734286638,0.7757951900698216,0.7882127420753796
110,2,9701000.0,102000.0,88110.65656473004,2506.235818862915,26.348469734191895,22.763370367587164,139231.0,2,1280.0,1268.7966135859706,35.05422019958496,0.32229137420654297,0.3194460841136236,0.78125,0.788148383509413
111,2,9785000.0,104000.0,88255.07625747577,2527.933771133423,26.851417541503906,22.80052700147781,140523.0,2,1232.0,1268.4625301883025,35.37960243225098,0.31017303466796875,0.3193618923480332,0.8116883116883117,0.7883559633815519
112,2,9883000.0,86000.0,88234.76428095331,2553.244918823242,22.214869499206543,22.795251853288523,141815.0,2,1294.0,1268.692303539616,35.70484161376953,0.3257284164428711,0.31941917514027046,0.7727975270479135,0.7882131839296479
113,2,9983000.0,94000.0,88286.22949063576,2579.0833044052124,24.274545669555664,22.808457239875683,143099.0,2,1304.0,1269.007151647019,36.02810192108154,0.3283042907714844,0.3194984060763267,0.7668711656441718,0.788017623621837
114,2,1.005E7,93000.0,88327.9361540231,2596.38468170166,24.0343074798584,22.819303360453826,144337.0,2,1229.0,1268.6535504056849,36.33983135223389,0.3095273971557617,0.31941027780459236,0.8136696501220505,0.7882372612130586
115,2,1.0108E7,67000.0,88140.8850923506,2611.35294342041,17.301377296447754,22.770909839343812,145595.0,2,1286.0,1268.8055229451036,36.656532287597656,0.3236856460571289,0.31944773437844365,0.7776049766718507,0.7881428492515052
116,2,1.0195E7,67000.0,87957.08647041435,2633.8665590286255,17.29914379119873,22.723338365641865,146886.0,2,1265.0,1268.7724722516546,36.98157978057861,0.31857776641845703,0.31944017876919606,0.7905138339920948,0.7881633798574841
117,2,1.0269E7,87000.0,87948.83728947958,2652.995505332947,22.51578998565674,22.721549494738202,148130.0,2,1281.7182817182818,1268.884048113102,37.294718742370605,0.3226096337134545,0.3194674953048392,0.7802026500389712,0.7880940748581821
118,2,1.0352E7,78000.0,87863.82047820068,2674.4275035858154,20.154895782470703,22.699616407692453,149282.0,2,1166.1661661661662,1268.0080585955507,37.5848445892334,0.2935455368087814,0.31924642996074776,0.8575107296137339,0.7886385210418952
119,2,1.0438E7,82000.0,87814.13634746063,2696.632035255432,21.165130615234375,22.686614714851643,150577.0,2,1233.0,1267.7117367236037,37.91085147857666,0.310546875,0.319172793532037,0.8110300081103001,0.788822861721306
120,2,1.0521E7,85000.0,87790.49251398901,2718.0695762634277,21.956982612609863,22.680484485967558,151841.0,2,1272.0,1267.7477295999731,38.22915077209473,0.32028770446777344,0.3191821513650072,0.7861635220125787,0.7888004660955231
121,2,1.0602E7,76000.0,87692.25641965639,2739.0149087905884,19.625102996826172,22.655027640646352,153142.0,2,1282.0,1267.8663581428643,38.55667495727539,0.32271862030029297,0.319211587107173,0.7800312012480499,0.7887266615897692
122,2,1.072E7,82000.0,87645.22152996976,2769.516763687134,21.2080078125,22.64307097303099,154428.0,2,1294.0,1268.082085486454,38.8805046081543,0.32570552825927734,0.3192651931327637,0.7727975270479135,0.7885924826517726
123,2,1.0767E7,113000.0,87853.01011293045,2781.6594610214233,29.20702838897705,22.696864202251508,155701.0,2,1289.0,1268.2533444679145,39.200921058654785,0.3245687484741211,0.3193086143583974,0.7757951900698216,0.7884859948227001
124,2,1.0853E7,58000.0,87610.3461169547,2803.8793478012085,14.980209350585938,22.63413839018809,157022.0,2,1295.0,1268.4705461986975,39.53349590301514,0.32604217529296875,0.3193632956282694,0.7722007722007722,0.7883509814214927
125,2,1.09E7,75000.0,87508.66781700021,2816.020104408264,19.38237476348877,22.607919141774914,158290.0,2,1298.0,1268.708414557523,39.85277462005615,0.3267707824707031,0.3194229650942232,0.7704160246533128,0.7882031746031746
126,2,1.0982E7,58941.058941058945,87279.94049094967,2837.2168941497803,15.224958871389843,22.548807272513617,159576.0,2,1283.0,1268.8226175065126,40.17645454406738,0.32308387756347656,0.3194522191613569,0.779423226812159,0.7881322307803732
127,2,1.0982E7,70070.07007007007,87143.51462443065,2837.2168941497803,18.115477996306854,22.5136634409054,160850.0,2,1267.732267732268,1268.8139651030972,40.497209548950195,0.3191655451482112,0.31944994427739853,0.7888100866824271,0.7881376052782846
128,2,1.1023E7,70070.07007007007,87143.51462443065,2847.803288459778,18.115477996306854,22.5136634409054,162068.0,2,1228.2282282282283,1268.4950685060799,40.80392360687256,0.30919476910993027,0.31936936571176094,0.8141809290953546,0.78833574116903
129,2,1.1094E7,20500.0,86102.38865195044,2866.164336204529,5.293197154998779,22.2446398936103,163364.0,2,1278.0,1268.5692434954972,41.13027381896973,0.32182979583740234,0.3193885665212195,0.7824726134585289,0.7882896460933704
130,2,1.1135E7,71000.0,85985.33583419882,2876.7546186447144,18.361047744750977,22.21453966148819,164664.0,2,1310.0,1268.8900590048165,41.45748424530029,0.3298473358154297,0.31946955310416086,0.7633587786259542,0.7880903415574826
131,2,1.1182E7,48000.0,85693.19038316593,2888.901205062866,12.399740219116211,22.13905397873933,165965.0,2,1292.0,1269.067633815371,41.78508758544922,0.3251762390136719,0.3195134027907302,0.7739938080495357,0.787980067692345
132,2,1.1282E7,49000.0,85413.13672513014,2914.734115600586,12.661365509033203,22.066717359929466,167239.0,2,1293.0,1269.2501258178158,42.10584259033203,0.32552337646484375,0.3195592307762277,0.7733952049497294,0.7878667724028549
133,2,1.1386E7,101000.0,85531.19934556363,2941.608352661133,26.096895217895508,22.097243922608154,168528.0,2,1274.0,1269.286071044785,42.43032360076904,0.32083988189697266,0.31956892225297806,0.7849293563579278,0.7878444606083732
134,2,1.1494E7,105000.0,85677.55709581875,2969.5029163360596,27.130786895751953,22.135083851139857,169841.0,2,1302.0,1269.5317781015758,42.76087188720703,0.3278045654296875,0.3196307783402887,0.7680491551459293,0.7876919800269778
135,2,1.1591E7,106000.0,85829.19222217248,2994.5452938079834,27.375901222229004,22.174188008450514,171099.0,2,1294.0,1269.7141834772108,43.077627182006836,0.32572078704833984,0.3196761780563213,0.7727975270479135,0.7875788212914362
136,2,1.1694E7,98000.0,85919.3316644695,3021.1521911621094,25.296979904174805,22.19731603125957,172371.0,2,1279.0,1269.7828950289327,43.39792537689209,0.32201099395751953,0.31969345481633077,0.7818608287724785,0.7875362031689792
137,2,1.177E7,101000.0,86030.20099689756,3040.7999114990234,26.094318389892578,22.225965825841573,173638.0,2,1261.0,1269.7183822773281,43.71686840057373,0.3175163269042969,0.31967746321996793,0.7930214115781126,0.7875762168666335
138,2,1.1832E7,73000.0,85935.10531155582,3056.809829711914,18.869675636291504,22.201471290733707,174848.0,2,1213.0,1269.304808155051,44.02157497406006,0.30548763275146484,0.3195739950594591,0.8244023083264633,0.7878328306764326
139,2,1.1894E7,66000.0,85790.67105244091,3072.83340549469,17.04957675933838,22.164144672285957,176126.0,2,1262.0,1269.2519291743279,44.34329700469971,0.3176450729370117,0.31956003173098224,0.7923930269413629,0.787865652999652
140,2,1.1989E7,64000.0,85633.92844298025,3097.35476398468,16.53715991973877,22.12366917378538,177390.0,2,1283.0,1269.3507352201348,44.66159439086914,0.3229846954345703,0.31958464445541906,0.779423226812159,0.787804325670932
141,2,1.2083E7,96000.0,85707.96017768637,3121.6491622924805,24.782312393188477,22.142656498772904,178657.0,2,1248.0,1269.1983844957258,44.98051643371582,0.31424713134765625,0.3195465579923476,0.8012820512820513,0.7878988913126588
142,2,1.217E7,90000.0,85738.39542766377,3144.128818511963,23.258593559265137,22.15056971132479,179934.0,2,1282.0,1269.2890847515268,45.302103996276855,0.32271862030029297,0.31956903225449457,0.7800312012480499,0.7878425900083729
143,2,1.224E7,82000.0,85712.07277745703,3162.2037467956543,21.18522548675537,22.143772565639125,181237.0,2,1274.0,1269.322227068706,45.63014507293701,0.32079219818115234,0.31957763749380913,0.7849293563579278,0.7878220192435597
144,2,1.2367E7,77000.0,85651.15856301828,3195.0024576187134,19.87939167022705,22.12794016995586,182542.0,2,1314.0,1269.634349107879,45.958678245544434,0.3308296203613281,0.31965624463124975,0.76103500761035,0.787628344099748
145,2,1.2428E7,118000.0,85875.76897973921,3210.748935699463,30.47801113128662,22.185917916142767,183805.0,2,1297.0,1269.8242011349919,46.276686668395996,0.3265419006347656,0.31970401458035214,0.7710100231303006,0.7875105854071626
146,2,1.2497E7,60000.0,85697.34247217664,3228.575873374939,15.488665580749512,22.13973697576549,185120.0,2,1278.0,1269.880530790536,46.60770225524902,0.3218221664428711,0.319718608232517,0.7824726134585289,0.7874756528296973
147,2,1.259E7,81000.0,85665.17374094315,3252.605661392212,20.927324295043945,22.13143403045094,186401.0,2,1301.6983016983017,1270.0984652018913,46.930307388305664,0.3277200323480231,0.3197734136322941,0.7682271680736761,0.7873405309887078
148,2,1.268E7,92000.0,85708.26134864171,3275.832676887512,23.76819133758545,22.14256676777688,187660.0,2,1221.2212212212212,1269.7666199997282,47.24721622467041,0.30740770372423204,0.31968945837683915,0.8188524590163935,0.7875462972874606
149,2,1.2754E7,79000.0,85662.94199510883,3294.9587993621826,20.388225555419922,22.130714872704818,188965.0,2,1305.0,1270.0044551848903,47.575798988342285,0.32860755920410156,0.3197496580557098,0.7662835249042146,0.7873988125926832
150,2,1.2812E7,86000.0,85665.20379541276,3309.945818901062,22.22531032562256,22.131349647791165,190242.0,2,1325.0,1270.373201378552,47.89730739593506,0.3336067199707031,0.31984256992436516,0.7547169811320755,0.7871702574604414
151,2,1.2906E7,48000.0,85414.13925957527,3334.227665901184,12.40353012084961,22.066507027862478,191546.0,2,1270.0,1270.3707157224494,48.225656509399414,0.31975841522216797,0.31984200942362456,0.7874015748031497,0.7871717976679808
152,2,1.3005E7,101101.1011011011,85517.90810549527,3359.79399394989,26.114861886422556,22.093286790304134,192869.0,2,1315.0,1270.6659962154795,48.55866813659668,0.3310079574584961,0.3199158866254273,0.7604562737642585,0.7869888727473432
153,2,1.3044E7,89910.08991008993,85546.82874847062,3369.872483253479,23.220509082287343,22.100709068094687,194175.0,2,1298.0,1270.8456573464264,48.88751983642578,0.3268308639526367,0.31996133743669053,0.7704160246533128,0.7868776150898117
154,2,1.3085E7,49900.199600798405,85313.41488916772,3380.4664783477783,12.89626176723701,22.04043841646187,195457.0,2,1318.0,1271.1535698893838,49.210238456726074,0.3318357467651367,0.32003887599128983,0.7587253414264037,0.7866870090975872
155,2,1.3135E7,40080.160320641284,85020.32177221436,3393.393376350403,10.35621505462096,21.96472939492523,196720.0,2,1283.0,1271.2304238948502,49.52821159362793,0.3230924606323242,0.3200586861964321,0.779423226812159,0.7866394488389895
156,2,1.3181E7,40000.0,84729.90930319569,3405.275361061096,10.341825485229492,21.889753559819916,198014.0,2,1267.0,1271.2031558185404,49.85410499572754,0.31888484954833984,0.3200511199883898,0.7892659826361483,0.7866563227307991
157,2,1.3181E7,46000.0,84481.67566112471,3405.275361061096,11.88198471069336,21.825610241255056,199282.0,2,1272.0,1271.2082591487235,50.17324638366699,0.3202629089355469,0.32005247637518613,0.7861635220125787,0.7866531646589987
158,2,1.3276E7,1998.0019980019981,83955.85360106481,3429.805559158325,0.5167723892928361,21.68976933457378,200455.0,2,1170.0,1270.5642030774713,50.46858501434326,0.2946329116821289,0.31989071462662083,0.8547008547008547,0.787051923529618
159,2,1.3323E7,105105.1051051051,84089.55715027022,3441.960570335388,27.14348603058625,21.724247210941098,201748.0,2,1287.0,1270.6681337026216,50.79415988922119,0.32396602630615234,0.31991648457818034,0.777000777000777,0.7869875488937327
160,2,1.3372E7,49000.0,83868.89864295507,3454.6027326583862,12.660825729370117,21.66725244618169,203068.0,2,1309.0,1270.9089995098718,51.12655067443848,0.32956695556640625,0.31997712520723004,0.7639419404125286,0.7868383970730018
161,2,1.3449E7,35000.0,83563.51001737261,3474.4886569976807,9.032914161682129,21.58829868804531,204330.0,2,1300.0,1271.0906570418754,51.44416809082031,0.32732295989990234,0.3200229959637628,0.7692307692307693,0.7867259463044386
162,2,1.3519E7,78000.0,83528.95877581945,3492.56626701355,20.144079208374023,21.579329606306967,205616.0,2,1258.0,1271.0094202628738,51.7680606842041,0.316650390625,0.32000206656398644,0.794912559618442,0.7867762300244613
163,2,1.3592E7,69000.0,83439.28602288579,3511.4318256378174,17.81945514678955,21.55612365613034,206919.0,2,1289.0,1271.1203759667453,52.09607410430908,0.32459354400634766,0.32003038419570656,0.7757951900698216,0.7867075525710571
164,2,1.366E7,73000.0,83375.24996626223,3529.0128479003906,18.865558624267578,21.539619349767623,208088.0,2,1313.0,1271.3770825415895,52.39047050476074,0.33054065704345703,0.32009480827318354,0.7616146230007617,0.7865487066991298
165,2,1.374E7,76000.0,83330.28496177343,3549.690116882324,19.64872169494629,21.5280910325003,209362.0,2,1167.0,1270.741187508377,52.7111177444458,0.2938976287841797,0.3199352075647177,0.856898029134533,0.7869423056639595
166,2,1.3823E7,80000.0,83310.10410733115,3571.1378984451294,20.67700481414795,21.522933621862006,210639.0,2,1275.0,1270.766976299185,53.03266143798828,0.3209981918334961,0.31994164435407946,0.7843137254901961,0.7869263355523046
167,2,1.3911E7,85000.0,83320.28285407959,3593.8751916885376,21.963438034057617,21.525586911258564,211910.0,2,1267.0,1270.744303066052,53.352702140808105,0.31894493103027344,0.3199356451887642,0.7892659826361483,0.7869403762717645
168,2,1.402E7,90000.0,83360.2758917987,3622.0247745513916,23.253573417663574,21.53593277291993,213147.0,2,1232.0,1270.5124983546925,53.66416358947754,0.3102283477783203,0.3198775670431728,0.8116883116883117,0.7870839533613366
169,2,1.4084E7,105000.0,83489.06690790493,3638.557026863098,27.12156581878662,21.569176235358583,214435.0,2,1286.0,1270.6046080098965,53.98844337463379,0.3237648010253906,0.3199006857998321,0.7776049766718507,0.7870268954606304
170,2,1.4166E7,67000.0,83391.51116422715,3659.730661392212,17.295870780944824,21.543893695485583,215726.0,2,1281.0,1270.6660675645317,54.31336688995361,0.32250308990478516,0.3199160717128812,0.78064012490242,0.7869888285572042
171,2,1.4236E7,71000.0,83318.62935384833,3677.8157052993774,18.338661193847656,21.52504182630608,216989.0,2,1269.0,1270.6562753464752,54.6314001083374,0.31949901580810547,0.3199136204903449,0.7880220646178093,0.786994893428064
172,2,1.4312E7,79000.0,83293.3774602098,3697.4405269622803,20.407634735107422,21.518508122506574,218247.0,2,1263.0,1270.6115389559548,54.948113441467285,0.3180084228515625,0.31990248822802014,0.7917656373713381,0.7870226023775034
173,2,1.4415E7,78000.0,83262.60594575113,3724.0140857696533,20.137991905212402,21.510482891912268,219552.0,2,1283.0,1270.6835054780356,55.27672100067139,0.3230094909667969,0.31992053729645653,0.779423226812159,0.7869780285089925
174,2,1.4448E7,105000.0,83388.2396458254,3732.5341444015503,27.091014862060547,21.542736200567514,220852.0,2,1316.0,1270.945235702487,55.604002952575684,0.33133506774902344,0.31998646312873624,0.7598784194528876,0.7868159633544494
175,2,1.4547E7,32000.0,83092.9422716668,3758.1167097091675,8.269064903259277,21.4664603774112,222069.0,2,1262.0,1270.893868222485,55.91034507751465,0.3176393508911133,0.31997298497735616,0.7923930269413629,0.7868477651864303
176,2,1.4641E7,98000.0,83178.11475128842,3782.414966583252,25.323037147521973,21.488495188864107,223352.0,2,1248.0,1270.7631521850842,56.23344802856445,0.31424999237060547,0.31994030867694423,0.8012820512820513,0.7869287036537805
177,2,1.4702E7,93000.0,83233.91394257537,3798.1912937164307,24.04116725921631,21.502997194694924,224639.0,2,1282.587064676617,1270.8306130674948,56.55744171142578,0.3229017874494714,0.31995720528129395,0.7796741660201707,0.7868869302622703
178,2,1.4777E7,51000.0,83051.82406706511,3817.5713996887207,13.19072151184082,21.45604102154778,225902.0,2,1265.3266331658292,1270.7996974178907,56.87546730041504,0.31859431434516333,0.3199495499737923,0.7903097696584591,0.7869060734212303
179,2,1.4895E7,82000.0,83045.91567334374,3848.0287981033325,21.188605308532715,21.4545387593947,227194.0,2,1274.0,1270.8176623143336,57.20064926147461,0.32074737548828125,0.3199540285667939,0.7849293563579278,0.7868949493343228
180,2,1.4971E7,122000.0,83263.50951279732,3867.6952171325684,31.49263572692871,21.510610621889445,228501.0,2,1302.0,1270.9917272331447,57.52974891662598,0.3279123306274414,0.31999845311302344,0.7680491551459293,0.7867871824602087
181,2,1.5031E7,68000.0,83178.72260057104,3883.2064599990845,17.596525192260742,21.48886836022349,229736.0,2,1296.0,1271.1305525640882,57.84067726135254,0.3261432647705078,0.32003256404582914,0.7716049382716049,0.7867012542361038
182,2,1.509E7,57000.0,83034.10635171416,3898.46426486969,14.73740005493164,21.451571963623675,231054.0,2,1257.0,1271.0525444126708,58.17259407043457,0.3165769577026367,0.3200134872643914,0.7955449482895783,0.7867495363553841
183,2,1.517E7,71000.0,82967.99287998154,3919.1475400924683,18.367249488830566,21.434627185109026,232353.0,2,1299.0,1271.2059821457983,58.49960994720459,0.3270092010498047,0.3200518952855255,0.7698229407236336,0.7866545737237627
184,2,1.5253E7,68000.0,82886.21040093541,3940.59640789032,17.573830604553223,21.41353247201139,233660.0,2,1314.0,1271.4396479234692,58.82876205444336,0.33086204528808594,0.32011092134182373,0.76103500761035,0.7865100019754868
185,2,1.5306E7,89000.0,82919.43354598907,3954.281805038452,22.9988956451416,21.422147546149972,234944.0,2,1299.0,1271.5893169401875,59.152008056640625,0.3270263671875,0.32014847630400334,0.7698229407236336,0.7864174279210602
186,2,1.532E7,57000.0,82779.34515895408,3957.8923330307007,14.713764190673828,21.385890326168152,236240.0,2,1297.0,1271.7265666353394,59.478288650512695,0.3265066146850586,0.3201828182598051,0.7710100231303006,0.7863325546825228
187,2,1.5368E7,4000.0,82355.85038328801,3970.285258293152,1.0321331024169922,21.276474465550855,237513.0,2,1263.0,1271.6796854014676,59.798678398132324,0.3180112838745117,0.32017115225006365,0.7917656373713381,0.7863615433034941
188,2,1.541E7,48000.0,82172.15086995113,3981.14341545105,12.392925262451172,21.22897444307703,238744.0,2,1212.0,1271.3607848585566,60.10867214202881,0.3051738739013672,0.32009101375443627,0.8250825082508251,0.7865587895345172
189,2,1.5538E7,54000.0,82022.31653742648,4014.208706855774,13.956276893615723,21.190294408030805,240044.0,2,1307.0,1271.550212073859,60.43606185913086,0.32915210723876953,0.3201391746833322,0.7651109410864575,0.7864416131621188
190,2,1.5663E7,130000.0,82276.1371692184,4046.509322166443,33.59030532836914,21.255895295336718,241363.0,2,1315.0,1271.7799325374588,60.76798439025879,0.33104896545410156,0.3201968551074092,0.7604562737642585,0.786299558921957
191,2,1.5779E7,121000.0,82479.92337729316,4076.4630222320557,31.259946823120117,21.30854210216847,242644.0,2,1304.0,1271.949385196327,61.09063720703125,0.3283214569091797,0.32023958423512305,0.7668711656441718,0.7861948058928845
192,2,1.5811E7,114000.0,82644.93095036174,4084.722272872925,29.436030387878418,21.351089496111104,243925.0,2,1298.0,1272.085674524699,61.41307735443115,0.3267354965209961,0.3202735689809449,0.7704160246533128,0.786110574174683
193,2,1.5917E7,38000.0,82412.43190884378,4112.103304862976,9.812480926513672,21.290999461794218,245218.0,2,1273.0,1272.0904331171737,61.73860263824463,0.32042694091796875,0.3202743672027653,0.7855459544383346,0.7861076335190776
194,2,1.5983E7,92000.0,82462.10276548787,4129.1500787734985,23.76300621032715,21.303806327066223,246507.0,2,1286.0,1272.1624504250758,62.063148498535156,0.32381248474121094,0.3202926859399558,0.7776049766718507,0.7860631318475589
195,2,1.6048E7,66000.0,82377.25618744266,4145.941211700439,17.04677391052246,21.281865349153698,247758.0,2,1286.0,1272.2337258295474,62.37813854217529,0.3237648010253906,0.3203105703497457,0.7776049766718507,0.7860190935812206
196,2,1.6144E7,69000.0,82308.66261242321,4170.739730834961,17.826942443847656,21.26414979447112,249054.0,2,1260.0,1272.1710344262128,62.704392433166504,0.317230224609375,0.32029478519975046,0.7936507936507936,0.786057827869843
197,2,1.6223E7,103000.0,82414.21881217415,4191.139291763306,26.600838661193848,21.2913747430316,250337.0,2,1280.0,1272.210949210266,63.02742671966553,0.32230377197265625,0.3203050277116699,0.78125,0.7860331658210905
198,2,1.632E7,77000.0,82386.73853681315,4216.200534820557,19.883533477783203,21.284229138656208,251522.0,2,1193.0,1271.809152793418,63.32578754425049,0.30043697357177734,0.3202042472887266,0.8382229673093042,0.7862814934171429
199,2,1.6386E7,88000.0,82415.08519255437,4233.256482124329,22.7391414642334,21.291576364346167,252785.0,2,1282.0,1271.8605848330994,63.6437463760376,0.3226957321166992,0.3202168215275451,0.7800312012480499,0.7862496974314409
200,2,1.6468E7,66000.0,82332.60644551858,4254.418263435364,17.055947303771973,21.270294149010304,254079.0,2,1270.0,1271.8512418274397,63.969576835632324,0.3197460174560547,0.32021445736493004,0.7874015748031497,0.7862554732133339
201,2,1.6573E7,93000.0,82385.93754686984,4281.555094718933,24.006999969482422,21.283976173090018,255359.0,2,1292.0,1271.9519141409598,64.29179096221924,0.3252887725830078,0.3202398109399821,0.7739938080495357,0.7861932427495669
202,2,1.6616E7,95000.0,82448.68720836526,4292.656713485718,24.550798416137695,21.300227241346462,256664.0,2,1296.0,1272.0714718954769,64.62039089202881,0.3263559341430664,0.3202702179320727,0.7716049382716049,0.7861193510691101
203,2,1.6712E7,50000.0,82288.06763619804,4317.476194381714,12.909683227539062,21.258694418120243,257885.0,2,1290.0,1272.1601646367405,64.92782783508301,0.3246593475341797,0.32029193103277476,0.7751937984496124,0.7860645442278452
204,2,1.6782E7,94000.0,82345.75563239452,4335.576579093933,24.30576515197754,21.27370299223466,259161.0,2,1224.0,1271.923088283073,65.2490177154541,0.30821704864501953,0.3202324904326637,0.8169934640522876,0.7862110604107887
205,2,1.6853E7,64000.0,82255.8351550323,4353.924676895142,16.546850204467773,21.250534643783187,260435.0,2,1271.0,1271.9185664880329,65.56980228424072,0.31998252868652344,0.3202312659823,0.7867820613690008,0.7862138554680881
206,2,1.6907E7,82000.0,82254.58731258109,4367.880035400391,21.192423820495605,21.250251206770145,261698.0,2,1278.0,1271.9482114827779,65.88796424865723,0.32173633575439453,0.3202386027040445,0.7824726134585289,0.7861955313685662
207,2,1.6977E7,43000.0,82064.05141198513,4385.944462776184,11.111032485961914,21.20103695430775,262971.0,2,1244.0,1271.8126340095662,66.2083044052124,0.31331825256347656,0.3202050319123544,0.8038585209003215,0.7862793412008818
208,2,1.7053E7,76000.0,82034.75959076814,4405.564716339111,19.612146377563477,21.193361970118897,264157.0,2,1184.0,1271.3887091946588,66.50692939758301,0.2980823516845703,0.32009823232449786,0.8445945945945946,0.7865415138328815
209,2,1.7122E7,76000.0,82005.74939189125,4423.388347625732,19.62712574005127,21.185832784599732,265467.0,2,1296.0,1271.5069519847027,66.83678245544434,0.3261909484863281,0.3201275042454068,0.7716049382716049,0.7864683700227467
210,2,1.7182E7,72000.0,81957.880031767,4438.897290229797,18.59132671356201,21.173420186542888,266749.0,2,1301.0,1271.6479712348548,67.15947818756104,0.3276557922363281,0.32016350030545654,0.7686395080707148,0.7863811547066233
211,2,1.7234E7,66000.0,81881.89808686709,4452.328214645386,17.061853408813477,21.15384334803202,268039.0,2,1279.0,1271.6829572384388,67.48427486419678,0.3218860626220703,0.32017169744033014,0.7818608287724785,0.7863595201209427
212,2,1.7329E7,45000.0,81707.12058458361,4476.8772077560425,11.616678237915039,21.108648225674557,269290.0,2,1290.0,1271.7697094846123,67.79914855957031,0.3248262405395508,0.32019374205058876,0.7751937984496124,0.7863058795489416
213,2,1.7422E7,95000.0,81769.8163398138,4500.901872634888,24.55327033996582,21.124894757233974,270595.0,2,1261.0,1271.7189429721602,68.1278190612793,0.31754398345947266,0.32018125155558486,0.7930214115781126,0.7863372685657097
214,2,1.7463E7,95000.0,81831.92346330427,4511.484461784363,24.546507835388184,21.14095700938706,271895.0,2,1300.0,1271.8516294301453,68.45507144927979,0.32730960845947266,0.3202146957238102,0.7692307692307693,0.7862552335983178
215,2,1.7479E7,39000.0,81631.79486221043,4515.613651275635,10.060073852539062,21.089182504164008,273177.0,2,1304.0,1272.001755844253,68.7778549194336,0.3282194137573242,0.3202520761444354,0.7668711656441718,0.7861624368091222
216,2,1.7495E7,8000.0,81289.35643794588,4519.745499610901,2.064633369445801,21.000705282601942,274506.0,2,1311.0,1272.1830233055377,69.11244297027588,0.3300619125366211,0.3202976731751973,0.7627765064836003,0.7860504201680673
217,2,1.76E7,27000.0,81038.0424216052,4546.872194290161,6.976326942443848,20.935784217431923,275736.0,2,1289.7102897102898,1272.2641954631888,69.42210102081299,0.32480756243268455,0.32031855934382986,0.7753679318357862,0.786000269099716
218,2,1.7697E7,103000.0,81139.23933979044,4571.934726715088,26.610803604125977,20.96193372940165,276935.0,2,1176.176176176176,1271.8221256136537,69.72399234771729,0.2960772127718539,0.32020703276110796,0.8502127659574468,0.7862734732009009
219,2,1.7799E7,96000.0,81207.4010879636,4598.280791282654,24.80119514465332,20.979543243190403,278205.0,2,1259.0,1271.7633468107929,70.04373264312744,0.3170661926269531,0.32019263461616493,0.7942811755361397,0.7863098134630981
220,2,1.7895E7,102000.0,81302.33492525865,4623.067552566528,26.346498489379883,21.004047426542712,279471.0,2,1277.0,1271.7872429748747,70.36252975463867,0.3214855194091797,0.32019853437428075,0.7830853563038371,0.7862950391457543
221,2,1.7962E7,88000.0,81332.77581332777,4640.378825187683,22.719077110290527,21.011842236533294,280739.0,2,1259.0,1271.7291566352628,70.68174266815186,0.3168649673461914,0.32018339157087167,0.7942811755361397,0.7863309532399155
222,2,1.8043E7,76000.0,81308.64800789062,4661.31799030304,19.641931533813477,21.0056441625736,282036.0,2,1273.0,1271.7349033652586,71.0082597732544,0.3205680847167969,0.32018513114610353,0.7855459544383346,0.7863273999587532
223,2,1.8122E7,84000.0,81320.77001378241,4681.723934173584,21.70403289794922,21.008789746053505,283320.0,2,1281.0,1271.7766113566997,71.33155822753906,0.32250308990478516,0.32019556572740143,0.78064012490242,0.7863016123037715
224,2,1.8226E7,79000.0,81310.36399996413,4708.605661392212,20.424057006835938,21.006167884805656,284612.0,2,1296.0,1271.885167292576,71.6568193435669,0.3263425827026367,0.32022311328445136,0.7716049382716049,0.7862345011292726
225,2,1.8269E7,92000.0,81358.08090276849,4719.712056159973,23.76808738708496,21.018496671720687,285906.0,2,1298.0,1272.0016775080082,71.98259544372559,0.32671546936035156,0.3202520786549571,0.7704160246533128,0.786162485224949
226,2,1.8361E7,53000.0,81232.05730995192,4743.492053031921,13.695531845092773,20.985953343394446,287153.0,2,1278.0,1272.0283199047713,72.2965669631958,0.3217449188232422,0.32025870931546596,0.7824726134585289,0.7861460191977988
227,2,1.8425E7,82000.0,81235.45495571228,4760.025967597961,21.1908597946167,20.986859920856915,288448.0,2,1250.749250749251,1271.9341301742702,72.62260150909424,0.31497166468785126,0.32023530672651895,0.799520766773163,0.7862042351697788
228,2,1.8498E7,73000.0,81199.17893420022,4778.87526512146,18.860459327697754,20.977493425128927,289673.0,2,1246.2462462462463,1271.8211515263579,72.93102741241455,0.31373307511613174,0.32020670906787907,0.8024096385542169,0.78627407540743
229,2,1.8577E7,64000.0,81123.75121698783,4799.2617864608765,16.52275276184082,20.957956973982597,290975.0,2,1275.0,1271.835085166256,73.25883197784424,0.32103538513183594,0.3202103413498086,0.7843137254901961,0.7862654613505009
230,2,1.8639E7,92000.0,81171.24119080264,4815.279323577881,23.752899169921875,20.97016078931885,292272.0,2,1311.0,1272.0060050099937,73.58538913726807,0.33011913299560547,0.3202535843678751,0.7627765064836003,0.7861598106151576
231,2,1.8714E7,59000.0,81074.85370964516,4834.672154426575,15.230056762695312,20.945206202250557,293548.0,2,1275.0,1272.0190143476636,73.90662574768066,0.3209037780761719,0.320256409552797,0.7843137254901961,0.7861517703120463
232,2,1.8837E7,77000.0,81057.21533014173,4866.461585998535,19.915225982666016,20.940747838027303,294881.0,2,1297.0,1272.127090706146,74.24231243133545,0.3266887664794922,0.32028423814702345,0.7710100231303006,0.7860849810571279
233,2,1.8885E7,117000.0,81212.12643628621,4878.856092453003,30.235355377197266,20.9808070028443,296171.0,2,1313.0,1272.3031592732034,74.56704044342041,0.33045482635498047,0.3203280500733787,0.7616146230007617,0.7859761981344484
234,2,1.8995E7,42000.0,81043.84993691582,4907.286311149597,10.8472900390625,20.93731961983419,297472.0,2,1305.0,1272.4434035909446,74.89453125,0.3286123275756836,0.32036358325702774,0.7662835249042146,0.7858895705521473
235,2,1.9049E7,110000.0,81167.58253497534,4921.245798110962,28.43021869659424,20.969337545827305,298756.0,2,1298.0,1272.5525535785976,75.21791458129883,0.3267955780029297,0.320391053743937,0.7704160246533128,0.7858221628551675
236,2,1.9133E7,63000.0,81090.28090987226,4942.9400424957275,16.283729553222656,20.94940065484431,300042.0,2,1272.0,1272.5502037066965,75.54164218902588,0.3202028274536133,0.3203902532646933,0.7861635220125787,0.7858236139424523
237,2,1.9207E7,85000.0,81106.84597198566,4962.059230804443,21.94970703125,20.953638846099388,301339.0,2,1311.0,1272.7130286014346,75.86823654174805,0.33002567291259766,0.3204310567627915,0.7627765064836003,0.7857230793801844
238,2,1.9321E7,77000.0,81089.51911636895,4991.497731208801,19.889846801757812,20.94915068869484,302594.0,2,1238.0,1272.5666478312573,76.18418598175049,0.3117647171020508,0.320394511824903,0.8077544426494345,0.7858134595183893
239,2,1.9398E7,111000.0,81215.18178991858,5011.384104728699,28.668803215026855,20.981583205547615,303894.0,2,1308.0,1272.7154386878417,76.51142406463623,0.3293886184692383,0.3204322796552074,0.764525993883792,0.7857215914902321
240,2,1.9475E7,77000.0,81197.54666934424,5031.284035682678,19.891438484191895,20.977022350390534,305199.0,2,1304.0,1272.8462587082151,76.84007549285889,0.3281841278076172,0.32046469490703433,0.7668711656441718,0.7856408369498441
241,2,1.955E7,67000.0,81138.39564706568,5050.6627740859985,17.314199447631836,20.961761987162337,306491.0,2,1297.0,1272.9468397864598,77.16535568237305,0.32659435272216797,0.3204902200455571,0.7710100231303006,0.7855787600429196
242,2,1.9616E7,82917.08291708292,81145.78276761969,5067.699380874634,21.42128768143478,20.96367045739118,307779.0,2,1293.0,1273.0299989217972,77.48964977264404,0.32552528381347656,0.32051110012355233,0.7733952049497294,0.785527443066509
243,2,1.9682E7,58058.05805805806,81050.48301394089,5084.748950004578,14.987623846686041,20.939002986813737,309085.0,2,1287.0,1273.0876923458136,77.81851577758789,0.32404327392578125,0.32052568732363423,0.777000777000777,0.7854918447584569
244,2,1.9682E7,66000.0,80988.5524767305,5084.748950004578,17.049569129943848,20.922998535130883,310364.0,2,1319.0,1273.2765215388538,78.14041423797607,0.33208274841308594,0.32057321946982636,0.7581501137225171,0.7853753549083133
245,2,1.9724E7,66000.0,80988.5524767305,5095.599571228027,17.049569129943848,20.922998535130883,311627.0,2,1250.0,1273.1811814435862,78.45839786529541,0.3147144317626953,0.32054922201053165,0.8,0.7854341664602348
246,2,1.9732E7,21000.0,80498.89397686739,5097.663310050964,5.4253106117248535,20.796498156198332,312928.0,2,1288.0,1273.2416313809956,78.78606796264648,0.32428550720214844,0.3205644633204321,0.7763975155279503,0.7853968762515018
247,2,1.981E7,20000.0,80252.98550536131,5117.80882358551,5.160305976867676,20.732942083248226,314184.0,2,1291.0,1273.3137782255772,79.10212898254395,0.32506275177001953,0.3205827384967514,0.774593338497289,0.785352375118054
248,2,1.9875E7,79000.0,80247.91314133964,5134.594594955444,20.406458854675293,20.731620406520758,315370.0,2,1146.0,1272.7986339837016,79.40082836151123,0.2884798049926758,0.3204528417835093,0.8726003490401396,0.7856702335310686
249,2,1.9922E7,64000.0,80182.403173912,5146.73649597168,16.52853775024414,20.714673995894778,316660.0,2,1306.0,1272.9324338483611,79.72555637359619,0.3287839889526367,0.3204864158949823,0.7656967840735069,0.7855876505375663
250,2,1.9985E7,41000.0,80025.05802700164,5163.0087060928345,10.592110633850098,20.674024722489037,317933.0,2,1272.0,1272.9286912684333,80.04602527618408,0.3203277587890625,0.32048577908101306,0.7861635220125787,0.7855899602699123
251,2,2.0053E7,57000.0,79932.96589900089,5180.578288078308,14.721721649169922,20.65021760522208,319220.0,2,1286.0,1272.980946822205,80.37006855010986,0.3237771987915039,0.3204989372859946,0.7776049766718507,0.7855577119958798
252,2,2.0153E7,78000.0,79925.26551457641,5206.41706943512,20.15491771697998,20.64824447183838,320510.0,2,1283.0,1273.020840799229,80.6948709487915,0.3229846954345703,0.3205088351053501,0.779423226812159,0.7855330941574995
253,2,2.0256E7,100000.0,80004.9202053789,5233.014230728149,25.838038444519043,20.668837094596242,321781.0,2,1280.0,1273.0485202782559,81.01489734649658,0.32231616973876953,0.320516003029113,0.78125,0.7855160145674774
254,2,2.0353E7,102000.0,80091.84972057767,5258.073588371277,26.337739944458008,20.691241876986158,323063.0,2,1276.0,1273.0601796620078,81.33762073516846,0.3211698532104492,0.32051858596746907,0.7836990595611285,0.7855088203807425
255,2,2.0434E7,98000.0,80162.34814307422,5278.9985704422,25.30778217315674,20.709415658375843,324307.0,2,1289.0,1273.1228997961769,81.65083980560303,0.3245582580566406,0.32053448130192447,0.7757951900698216,0.7854701224525118
256,2,2.0516E7,80000.0,80161.71153861236,5300.190977096558,20.679513931274414,20.709298406816757,325603.0,2,1250.0,1273.0322722248786,81.97716236114502,0.3147144317626953,0.32051167028084904,0.8,0.7855260403197005
257,2,2.0575E7,73000.0,80133.73850684708,5315.4384660720825,18.86427879333496,20.702091918259203,326867.0,2,1275.0,1273.0399544002937,82.29540157318115,0.3210163116455078,0.32051364044335523,0.7843137254901961,0.7855213000530546
258,2,2.0653E7,68000.0,80086.52955778105,5335.590747833252,17.570871353149414,20.689909223528364,328081.0,2,1215.0,1272.8142427141424,82.60102367401123,0.30590248107910156,0.32045681907864526,0.823045267489712,0.7856605987277494
259,2,2.0719E7,69000.0,80043.56217686864,5352.639039993286,17.828899383544922,20.6788209836109,329364.0,2,1275.0,1272.8227099813282,82.92409324645996,0.32099151611328125,0.3204588904077379,0.7843137254901961,0.78565537223536
260,2,2.0785E7,66000.0,79989.34453444109,5369.680823326111,17.04829216003418,20.664804688378926,330668.0,2,1291.0,1272.8928541108735,83.25237941741943,0.3250770568847656,0.3204767113957562,0.774593338497289,0.7856120778512096
261,2,2.0848E7,68000.0,79943.23557237464,5385.945478439331,17.554641723632812,20.65284353522748,331938.0,2,1275.0,1272.9009540943023,83.57215309143066,0.3209667205810547,0.32047859501772147,0.7843137254901961,0.7856070786839204
262,2,2.0944E7,67000.0,79893.64881121131,5410.744758605957,17.302748680114746,20.64000900459361,333202.0,2,1293.0,1272.9779200588187,83.89035034179688,0.3255777359008789,0.32049812133245886,0.7733952049497294,0.7855595798187879
263,2,2.1021E7,99000.0,79966.56769278916,5430.6402044296265,25.58229160308838,20.658871094794033,334461.0,2,1249.0,1272.8864508548802,84.20731449127197,0.3144063949584961,0.32047488306322325,0.800640512409928,0.7856160298732008
264,2,2.1118E7,79000.0,79962.89283786148,5455.704044342041,20.401144981384277,20.65789122956067,335757.0,2,1264.0,1272.8526803018904,84.53381538391113,0.3182039260864258,0.3204662529054499,0.7911392405063291,0.7856368733597857
265,2,2.1182E7,86000.0,79985.75876252737,5472.23703289032,22.224177360534668,20.663823637204633,337003.0,2,1316.0,1273.0160292569906,84.8473424911499,0.3313894271850586,0.3205076063224741,0.7598784194528876,0.7855360631897625
266,2,2.1253E7,64000.0,79925.44015213831,5490.5782108306885,16.53298854827881,20.648236874260704,338312.0,2,1245.0,1272.910365011956,85.17689514160156,0.3134193420410156,0.3204808724806782,0.8032128514056225,0.7856012705109896
267,2,2.131E7,76000.0,79910.6840787604,5505.289061546326,19.63249969482422,20.644418629230454,339586.0,2,1294.0,1272.9896070518746,85.49766445159912,0.32575321197509766,0.3205006827304487,0.7727975270479135,0.7855523677965501
268,2,2.1385E7,57000.0,79824.88334294553,5524.673446655273,14.712764739990234,20.622204527436445,340795.0,2,1190.0,1272.6789497720313,85.80227756500244,0.29961490631103516,0.3204225004288285,0.8403361344537815,0.7857441188754831
269,2,2.1452E7,79000.0,79821.80567266866,5541.984977722168,20.41590404510498,20.621434812702837,342070.0,2,1305.0,1272.7994868390629,86.12303256988525,0.32865142822265625,0.32045318912285564,0.7662835249042146,0.785669707082812
270,2,2.1534E7,60000.0,79748.12468868717,5563.170118331909,15.502918243408203,20.602408426127408,343387.0,2,1282.0,1272.8336714448135,86.4546480178833,0.32276439666748047,0.32046177643938234,0.7800312012480499,0.7856486062824566
271,2,2.1604E7,87000.0,79774.98129782018,5581.269791603088,22.4778470993042,20.60935392935743,344690.0,2,1311.0,1272.9749539131271,86.78271865844727,0.3300485610961914,0.3204972643851916,0.7627765064836003,0.7855614102429889
272,2,2.1701E7,72000.0,79746.29365881736,5606.339119911194,18.613956451416016,20.601991436726053,345937.0,2,1301.0,1273.0783132085771,87.09670448303223,0.32762622833251953,0.32052355674840843,0.7686395080707148,0.7854976317047381
273,2,2.1772E7,99000.0,79817.07361904552,5624.684173583984,25.587753295898438,20.620319961107064,347234.0,2,1241.0,1272.960439770414,87.42326164245605,0.31235790252685547,0.32049355162526844,0.8058017727639001,0.7855703671202507
274,2,2.1817E7,60000.0,79744.48945506223,5636.302813529968,15.503497123718262,20.6015785306092,348525.0,2,1302.0,1273.0667564856376,87.74823665618896,0.3278045654296875,0.3205203179731916,0.7680491551459293,0.7855047623429807
275,2,2.1865E7,55000.0,79654.18834984052,5648.700922966003,14.208888053894043,20.578249416608443,349818.0,2,1296.0,1273.1504111008164,88.07376194000244,0.32627296447753906,0.32054130215841076,0.7716049382716049,0.7854531493536261
276,2,2.1902E7,38000.0,79502.73069063567,5658.261155128479,9.807861328125,20.539087501967128,351125.0,2,1300.0,1273.247995580464,88.40286445617676,0.32733726501464844,0.320566001996517,0.7692307692307693,0.7853929505257989
277,2,2.1961E7,40000.0,79359.61626247183,5673.50469493866,10.336394309997559,20.502124168638737,352460.0,2,1311.0,1273.3847078676913,88.73888683319092,0.3300895690917969,0.3206004899306063,0.7627765064836003,0.7853086296870334
278,2,2.203E7,67000.0,79315.00025268752,5691.317094802856,17.30372142791748,20.490578505331413,353726.0,2,1276.0,1273.3941445179728,89.0576982498169,0.3211994171142578,0.3206026510147568,0.7836990595611285,0.7853028100569265
279,2,2.2051E7,66000.0,79267.10835833136,5696.74520111084,17.04496192932129,20.478185181867765,354974.0,2,1281.0,1273.4214897426496,89.37195014953613,0.322540283203125,0.32060961735636784,0.78064012490242,0.7852859466052311
280,2,2.2119E7,26000.0,79076.20187655454,5714.326606750488,6.717802047729492,20.428868700966124,356288.0,2,1288.0,1273.473715886538,89.70271301269531,0.32425689697265625,0.32062268339306704,0.7763975155279503,0.7852537414200518
281,2,2.2169E7,65000.0,79025.93367663969,5727.243182182312,16.810617446899414,20.41594739030458,357604.0,2,1308.0,1273.5969615409329,90.03406238555908,0.32929325103759766,0.3206536340096991,0.764525993883792,0.7851777526149982
282,2,2.2287E7,52000.0,78929.76350606003,5757.738871574402,13.430550575256348,20.391090273014658,358912.0,2,1317.0,1273.7513427378335,90.36334323883057,0.33166980743408203,0.32069281767284574,0.7593014426727411,0.7850825875092501
283,2,2.2388E7,115000.0,79057.66216819965,5783.839116096497,29.718229293823242,20.42416265396653,360204.0,2,1298.0,1273.8372876069498,90.68869209289551,0.32675647735595703,0.32071430919017785,0.7704160246533128,0.7850296185618929
284,2,2.249E7,101000.0,79135.19090388733,5810.183499336243,26.10177516937256,20.444223329516156,361483.0,2,1284.0,1273.8731802417162,91.01059913635254,0.3232851028442383,0.32072338871089207,0.778816199376947,0.7850074995771957
285,2,2.2588E7,106000.0,79229.77797494561,5835.507171630859,27.380059242248535,20.46864339526012,362661.0,2,1230.0,1273.718774415609,91.30723094940186,0.30971336364746094,0.32068464039116656,0.8130081300813008,0.7851026616599939
286,2,2.2652E7,87000.0,79257.03980745346,5852.043918609619,22.4794921875,20.475698460455927,363938.0,2,1247.0,1273.6250710172476,91.62873935699463,0.31394195556640625,0.3206609936298169,0.8019246190858059,0.7851604233899836
287,2,2.2721E7,62000.0,79196.705148555,5869.8684339523315,16.019392013549805,20.460118167866874,365217.0,2,1256.0,1273.5634754772107,91.9507417678833,0.31614112854003906,0.32064519774843714,0.7961783439490446,0.7851983974534877
288,2,2.2797E7,69000.0,79161.17928242435,5889.48232460022,17.824515342712402,20.45093558665305,366446.0,2,1228.0,1273.4047962332227,92.26026916503906,0.3091716766357422,0.3206052400929472,0.8143322475570033,0.7852962411937163
289,2,2.29E7,86000.0,79184.92337390894,5916.110897064209,22.196460723876953,20.456995974877643,367739.0,2,1286.0,1273.448508027292,92.58571720123291,0.32381248474121094,0.32061637087099504,0.7776049766718507,0.7852692854845831
290,2,2.2967E7,106000.0,79277.70204344306,5933.411809921265,27.404584884643555,20.48103424500852,369029.0,2,1289.0,1273.5022929909871,92.91054916381836,0.32454586029052734,0.3206299610426738,0.7757951900698216,0.7852361205030647
291,2,2.3053E7,68000.0,79238.81636565502,5955.628730773926,17.562216758728027,20.470970120610094,370291.0,2,1299.0,1273.5901730876606,93.22829627990723,0.32704639434814453,0.3206520758461337,0.7698229407236336,0.7851819377466024
292,2,2.3105E7,72000.0,79213.94258853282,5969.0755434036255,18.597034454345703,20.46453096595421,371598.0,2,1274.0,1273.5915807406695,93.55734634399414,0.32073211669921875,0.3206523507664581,0.7849293563579278,0.7851810699144544
293,2,2.3189E7,62000.0,79154.99517159666,5990.773591041565,16.029924392700195,20.449345101282184,372870.0,2,1289.0,1273.6443236508273,93.87754917144775,0.3246603012084961,0.3206660699524774,0.7757951900698216,0.7851485547657121
294,2,2.3253E7,74000.0,79137.40265236057,6007.292110443115,19.114935874938965,20.4447911455166,374177.0,2,1275.0,1273.6489482912718,94.2066011428833,0.3208894729614258,0.32066683205074015,0.7843137254901961,0.7851457038782944
295,2,2.3331E7,74000.0,79119.92980117134,6027.436944961548,19.097347259521484,20.440208345977805,375412.0,2,1274.0,1273.6501417682616,94.51757717132568,0.3207550048828125,0.32066713181354883,0.7849293563579278,0.7851449681555865
296,2,2.3432E7,76000.0,79109.35455660934,6053.520595550537,19.625598907470703,20.43744716396932,376696.0,2,1282.0,1273.678432754403,94.84087562561035,0.3227977752685547,0.320674350858805,0.7800312012480499,0.7851275284904075
297,2,2.3511E7,106000.0,79200.19458013256,6073.923305511475,27.384276390075684,20.460914437435843,377978.0,2,1264.0,1273.6457510248463,95.16354179382324,0.3181896209716797,0.32066596052617025,0.7911392405063291,0.7851476748502041
298,2,2.3586E7,76000.0,79189.4203123001,6093.303442001343,19.62531089782715,20.458101165894984,379200.0,2,1246.0,1273.552712171285,95.47123146057129,0.31371307373046875,0.3206425613204178,0.8025682182985554,0.7852050334807862
299,2,2.365E7,65000.0,79141.8083228755,6109.84956741333,16.797317504882812,20.44581756380852,380502.0,2,1253.0,1273.483776187186,95.79901313781738,0.3155345916748047,0.3206254286465724,0.7980845969672785,0.7852475380518806
300,2,2.3752E7,72000.0,79117.92443365371,6136.2013902664185,18.613554000854492,20.43969004288045,381734.0,2,1243.0,1273.3818721543614,96.10921669006348,0.3129854202270508,0.32059988890818886,0.8045052292839904,0.7853103785026856
300,2,2.3752E7,72000.0,79117.92443365371,6136.2013902664185,18.613554000854492,20.43969004288045,381734.0,2,1243.0,1273.3818721543614,96.10921669006348,0.3129854202270508,0.32059988890818886,0.8045052292839904,0.7853103785026856
